function expr = x7m(t,in2,param19)
%X7M
%    EXPR = X7M(T,IN2,PARAM19)

%    This function was generated by the Symbolic Math Toolbox version 9.2.
%    04-Nov-2022 09:06:14

He = in2(4,:);
Hi = in2(2,:);
Hr = in2(6,:);
Hs = in2(7,:);
Me = in2(3,:);
Mi = in2(8,:);
Ms = in2(5,:);
t2 = Me+Mi+Ms;
t3 = He+Hi+Hr+Hs;
t5 = He.*(4.9e+1./4.0e+1);
t7 = Hs.*Mi.*3.092389406415617e+18;
t4 = 1.0./t2;
t6 = 1.0./t3;
t8 = -t7;
mt1 = [t5;Hi.*(-1.995246508088073)+t5;t6.*(He.*Me.*8.415729670370128e+17+Hi.*Me.*8.415729670370128e+17+Hr.*Me.*8.415729670370128e+17+Hs.*Me.*8.415729670370128e+17-Hi.*Ms.*1.704529171051856e+17).*(-1.110223024625157e-18)];
mt2 = [t4.*(t8+He.*Me.*3.449194364612379e+18+He.*Mi.*3.449194364612379e+18+He.*Ms.*3.449194364612379e+18).*(-3.552713678800501e-19)];
mt3 = [(t6.*(He.*param19.*3.602879701896397e+16+Hi.*param19.*3.602879701896397e+16+Hr.*param19.*3.602879701896397e+16+Hs.*param19.*3.602879701896397e+16-He.*Ms.*7.361896857636817e+15-Hi.*Ms.*1.418001354184424e+16-Hr.*Ms.*7.361896857636817e+15-Hs.*Ms.*7.361896857636817e+15))./3.602879701896397e+16];
mt4 = [Hi.*1.994846508088073-Hr./2.5e+3];
mt5 = [(t4.*(t8+He.*Me.*1.125899906842624e+15+He.*Mi.*1.125899906842624e+15+Hi.*Me.*1.125899906842624e+15+Hi.*Mi.*1.125899906842624e+15+Hr.*Me.*1.125899906842624e+15+He.*Ms.*1.125899906842624e+15+Hr.*Mi.*1.125899906842624e+15+Hi.*Ms.*1.125899906842624e+15+Hr.*Ms.*1.125899906842624e+15))./2.81474976710656e+18];
mt6 = [Me.*(7.3e+1./1.0e+2)-Mi.*2.043336849065996e-1];
expr = [mt1;mt2;mt3;mt4;mt5;mt6];
